-0.2345  0.9676 -0.0933  0.7785  0.1294 -0.6142 -0.5822 -0.2167 -0.7836   17.066    0.750   41.572   32.942   22.619   28.250 00040_HEM_Voriconazole.pdb_0.pdb
 0.0098  0.0804  0.9967 -0.0848  0.9932 -0.0793 -0.9964 -0.0837  0.0165   17.066    0.750   41.572   42.798   17.360   40.826 00040_HEM_Voriconazole.pdb_1000.pdb
 0.3410  0.0790 -0.9367  0.1746 -0.9844 -0.0194 -0.9237 -0.1569 -0.3495   17.066    0.750   41.572   38.525   -2.843    9.673 00040_HEM_Voriconazole.pdb_1001.pdb
-0.2562 -0.7336 -0.6294 -0.9398  0.3413 -0.0152  0.2259  0.5877 -0.7769   17.066    0.750   41.572   20.928   12.808   15.668 00040_HEM_Voriconazole.pdb_1002.pdb
-0.0466  0.9942  0.0965  0.9984  0.0493 -0.0259 -0.0305  0.0952 -0.9950   17.066    0.750   41.572   41.227   28.175   23.857 00040_HEM_Voriconazole.pdb_1003.pdb
 0.8533 -0.0964 -0.5124  0.4389 -0.3977  0.8058 -0.2814 -0.9125 -0.2970   17.066    0.750   41.572    1.586   18.559   10.110 00040_HEM_Voriconazole.pdb_1004.pdb
 0.5197  0.6451  0.5601  0.7705 -0.6371  0.0189  0.3691  0.4218 -0.8282   17.066    0.750   41.572   43.147   39.528   27.280 00040_HEM_Voriconazole.pdb_1005.pdb
-0.6869  0.5170  0.5108 -0.0423  0.6733 -0.7382 -0.7255 -0.5287 -0.4406   17.066    0.750   41.572   41.406   19.375   42.065 00040_HEM_Voriconazole.pdb_1006.pdb
 0.1377  0.0367  0.9898 -0.8955 -0.4224  0.1402  0.4232 -0.9057 -0.0253   17.066    0.750   41.572    9.477    6.308   22.371 00040_HEM_Voriconazole.pdb_1007.pdb
-0.5843 -0.6241 -0.5188 -0.7097  0.0828  0.6996 -0.3937  0.7770 -0.4913   17.066    0.750   41.572   23.567   27.766   -5.453 00040_HEM_Voriconazole.pdb_1008.pdb
 0.2612 -0.6176 -0.7418  0.2925  0.7830 -0.5489  0.9199 -0.0736  0.3852   17.066    0.750   41.572   34.973  -10.411   23.592 00040_HEM_Voriconazole.pdb_1009.pdb
 0.5741  0.5767 -0.5812  0.7893 -0.2008  0.5803  0.2179 -0.7919 -0.5705   17.066    0.750   41.572   22.210    6.338   25.372 00040_HEM_Voriconazole.pdb_100.pdb
 0.1513  0.9321  0.3291  0.7863  0.0883 -0.6115 -0.5991  0.3513 -0.7195   17.066    0.750   41.572   12.809   12.434   -1.620 00040_HEM_Voriconazole.pdb_1010.pdb
-0.3533  0.8899  0.2885  0.6328  0.0003  0.7743  0.6890  0.4561 -0.5632   17.066    0.750   41.572   52.877   40.943   21.592 00040_HEM_Voriconazole.pdb_1011.pdb
 0.8351  0.5390 -0.1101  0.5009 -0.6623  0.5572  0.2274 -0.5204 -0.8231   17.066    0.750   41.572   21.437   25.325   42.987 00040_HEM_Voriconazole.pdb_1012.pdb
 0.5586  0.7878  0.2594  0.0664  0.2692 -0.9608 -0.8268  0.5539  0.0980   17.066    0.750   41.572    0.237   21.073    1.871 00040_HEM_Voriconazole.pdb_1013.pdb
-0.9501  0.1789 -0.2555 -0.0333  0.7564  0.6533  0.3101  0.6292 -0.7127   17.066    0.750   41.572   26.859  -11.011   12.436 00040_HEM_Voriconazole.pdb_1014.pdb
-0.5979  0.7550  0.2694 -0.1851 -0.4570  0.8700  0.7799  0.4703  0.4130   17.066    0.750   41.572   33.189   13.189  -11.016 00040_HEM_Voriconazole.pdb_1015.pdb
-0.4773  0.7386 -0.4761 -0.6176  0.1035  0.7797  0.6251  0.6662  0.4067   17.066    0.750   41.572   39.571    6.881   19.523 00040_HEM_Voriconazole.pdb_1016.pdb
 0.7400 -0.5331  0.4101  0.6705  0.6329 -0.3872 -0.0531  0.5615  0.8258   17.066    0.750   41.572   17.132    0.828   39.774 00040_HEM_Voriconazole.pdb_1017.pdb
-0.1508  0.1075 -0.9827 -0.3845  0.9094  0.1585  0.9107  0.4017 -0.0958   17.066    0.750   41.572   22.212    6.250   23.388 00040_HEM_Voriconazole.pdb_1018.pdb
 0.6169 -0.7303  0.2935  0.7719  0.4887 -0.4066  0.1535  0.4774  0.8652   17.066    0.750   41.572    0.775   -6.635   13.810 00040_HEM_Voriconazole.pdb_1019.pdb
-0.7409  0.2730 -0.6136 -0.5615 -0.7531  0.3429 -0.3685  0.5986  0.7113   17.066    0.750   41.572   20.930    9.723   20.941 00040_HEM_Voriconazole.pdb_101.pdb
-0.3436 -0.5027 -0.7933  0.9340 -0.2706 -0.2331 -0.0975 -0.8210  0.5625   17.066    0.750   41.572   44.409   11.274   -2.808 00040_HEM_Voriconazole.pdb_1020.pdb
-0.4856 -0.8708 -0.0764 -0.8595  0.4597  0.2236 -0.1596  0.1743 -0.9717   17.066    0.750   41.572   32.454   10.947   37.476 00040_HEM_Voriconazole.pdb_1021.pdb
-0.8236 -0.2238  0.5211 -0.5372  0.0137 -0.8433  0.1816 -0.9745 -0.1316   17.066    0.750   41.572   39.980   21.480   42.351 00040_HEM_Voriconazole.pdb_1022.pdb
 0.8548  0.5022 -0.1310 -0.1144 -0.0639 -0.9914 -0.5062  0.8624  0.0028   17.066    0.750   41.572   20.097   22.176   33.994 00040_HEM_Voriconazole.pdb_1023.pdb
-0.4898  0.7712 -0.4067  0.8718  0.4280 -0.2384 -0.0098 -0.4713 -0.8819   17.066    0.750   41.572   13.657    5.535   39.524 00040_HEM_Voriconazole.pdb_1024.pdb
-0.3081  0.1485 -0.9397 -0.4033  0.8742  0.2704  0.8616  0.4623 -0.2095   17.066    0.750   41.572   38.858   -6.794   13.918 00040_HEM_Voriconazole.pdb_1025.pdb
-0.5177 -0.8544 -0.0443  0.1109 -0.1184  0.9868 -0.8483  0.5059  0.1560   17.066    0.750   41.572   31.111    5.019   38.384 00040_HEM_Voriconazole.pdb_1026.pdb
-0.7214 -0.0551  0.6903  0.6907  0.0156  0.7230 -0.0507  0.9984  0.0268   17.066    0.750   41.572   30.235   40.101   41.791 00040_HEM_Voriconazole.pdb_1027.pdb
 0.1276  0.8990  0.4189  0.6735  0.2315 -0.7020 -0.7281  0.3717 -0.5759   17.066    0.750   41.572  -34.292  -29.163   11.455 00040_HEM_Voriconazole.pdb_1028.pdb
 0.5471  0.7701 -0.3281 -0.5830  0.0693 -0.8095 -0.6007  0.6341  0.4869   17.066    0.750   41.572    7.541   25.798   24.479 00040_HEM_Voriconazole.pdb_1029.pdb
-0.1493  0.5888  0.7944 -0.3099 -0.7907  0.5279  0.9390 -0.1674  0.3005   17.066    0.750   41.572   15.931   10.090   17.133 00040_HEM_Voriconazole.pdb_102.pdb
-0.7743  0.3780  0.5075 -0.6291 -0.3728 -0.6821 -0.0687 -0.8474  0.5265   17.066    0.750   41.572   13.830   -5.276   26.560 00040_HEM_Voriconazole.pdb_1030.pdb
 0.2841 -0.3996  0.8715 -0.9585 -0.1427  0.2470  0.0257 -0.9055 -0.4236   17.066    0.750   41.572   17.659    2.827   37.133 00040_HEM_Voriconazole.pdb_1031.pdb
-0.4725  0.4055 -0.7825 -0.2054 -0.9141 -0.3496 -0.8570 -0.0045  0.5152   17.066    0.750   41.572   23.714   14.990   38.499 00040_HEM_Voriconazole.pdb_1032.pdb
 0.0455  0.3051 -0.9512  0.8326  0.5146  0.2049  0.5520 -0.8013 -0.2306   17.066    0.750   41.572   -0.437   -4.917   22.346 00040_HEM_Voriconazole.pdb_1033.pdb
-0.7836  0.4234 -0.4547 -0.4550 -0.8894 -0.0440 -0.4231  0.1724  0.8895   17.066    0.750   41.572   39.902    6.827   21.355 00040_HEM_Voriconazole.pdb_1034.pdb
 0.5942 -0.2438  0.7664  0.7931  0.3363 -0.5079 -0.1339  0.9096  0.3932   17.066    0.750   41.572   45.689   14.208   32.363 00040_HEM_Voriconazole.pdb_1035.pdb
 0.7197  0.3626  0.5921  0.1918  0.7157 -0.6715 -0.6672  0.5969  0.4456   17.066    0.750   41.572   27.269   35.230   26.360 00040_HEM_Voriconazole.pdb_1036.pdb
-0.0099  0.7536 -0.6573  0.9835 -0.1114 -0.1426 -0.1807 -0.6479 -0.7400   17.066    0.750   41.572   33.110   46.842   16.018 00040_HEM_Voriconazole.pdb_1037.pdb
-0.7992 -0.4065 -0.4429  0.5964 -0.6285 -0.4993 -0.0754 -0.6631  0.7447   17.066    0.750   41.572   -1.746   -4.639   11.131 00040_HEM_Voriconazole.pdb_1038.pdb
 0.0974  0.8854  0.4546  0.2120  0.4278 -0.8786 -0.9724  0.1820 -0.1460   17.066    0.750   41.572   30.559   20.730    8.620 00040_HEM_Voriconazole.pdb_1039.pdb
 0.7364 -0.4899 -0.4666 -0.4098 -0.8717  0.2686 -0.5384 -0.0065 -0.8427   17.066    0.750   41.572   34.256   41.189   24.686 00040_HEM_Voriconazole.pdb_103.pdb
 0.6153  0.3216 -0.7198 -0.7770  0.0934 -0.6225 -0.1330  0.9423  0.3073   17.066    0.750   41.572   10.737   34.952   20.645 00040_HEM_Voriconazole.pdb_1040.pdb
-0.8408 -0.1839 -0.5091 -0.0918  0.9753 -0.2008  0.5335 -0.1221 -0.8369   17.066    0.750   41.572   16.085   15.894   30.592 00040_HEM_Voriconazole.pdb_1041.pdb
-0.7110 -0.2486  0.6578 -0.7016  0.3132 -0.6400 -0.0469 -0.9166 -0.3971   17.066    0.750   41.572   16.772    4.105   36.666 00040_HEM_Voriconazole.pdb_1042.pdb
 0.0184 -0.4458 -0.8950  0.9626  0.2498 -0.1046  0.2702 -0.8596  0.4337   17.066    0.750   41.572   22.352   26.454   21.302 00040_HEM_Voriconazole.pdb_1043.pdb
 0.6251  0.5833 -0.5187  0.7553 -0.2842  0.5906  0.1970 -0.7609 -0.6182   17.066    0.750   41.572   -1.739    7.914   30.315 00040_HEM_Voriconazole.pdb_1044.pdb
-0.0791 -0.6000 -0.7961 -0.5646 -0.6312  0.5318 -0.8216  0.4915 -0.2888   17.066    0.750   41.572   29.827   11.872   33.004 00040_HEM_Voriconazole.pdb_1045.pdb
-0.9712  0.1664 -0.1704 -0.1980 -0.9618  0.1892 -0.1324  0.2175  0.9670   17.066    0.750   41.572   13.949   11.764   18.368 00040_HEM_Voriconazole.pdb_1046.pdb
-0.7042  0.2050  0.6798  0.4583 -0.6001  0.6556  0.5424  0.7732  0.3287   17.066    0.750   41.572   27.320   34.393   24.275 00040_HEM_Voriconazole.pdb_1047.pdb
-0.6150  0.2712 -0.7404  0.6635  0.6854 -0.3000  0.4261 -0.6758 -0.6014   17.066    0.750   41.572   30.019   11.901   36.588 00040_HEM_Voriconazole.pdb_1048.pdb
-0.7900  0.5878 -0.1746  0.1486 -0.0927 -0.9845 -0.5948 -0.8037 -0.0141   17.066    0.750   41.572   23.982  -14.863   10.620 00040_HEM_Voriconazole.pdb_1049.pdb
-0.0108 -0.2372 -0.9714 -0.9786 -0.1972  0.0591 -0.2056  0.9512 -0.2300   17.066    0.750   41.572   49.667   23.049   -6.199 00040_HEM_Voriconazole.pdb_104.pdb
 0.5598 -0.0898  0.8237  0.1572 -0.9645 -0.2120  0.8136  0.2482 -0.5258   17.066    0.750   41.572   41.655   26.435   42.029 00040_HEM_Voriconazole.pdb_1050.pdb
 0.5426 -0.5314 -0.6505 -0.5397  0.3730 -0.7548  0.6437  0.7606 -0.0845   17.066    0.750   41.572    7.546    5.903    0.471 00040_HEM_Voriconazole.pdb_1051.pdb
-0.2181  0.3970  0.8915 -0.9758 -0.0749 -0.2054 -0.0148 -0.9148  0.4037   17.066    0.750   41.572   48.781   13.169   10.141 00040_HEM_Voriconazole.pdb_1052.pdb
-0.7784  0.2100 -0.5916  0.3638 -0.6172 -0.6977 -0.5116 -0.7583  0.4040   17.066    0.750   41.572   42.011    7.223   20.073 00040_HEM_Voriconazole.pdb_1053.pdb
 0.5582 -0.1206  0.8209  0.3032  0.9506 -0.0665 -0.7723  0.2860  0.5672   17.066    0.750   41.572   41.298   36.329   10.280 00040_HEM_Voriconazole.pdb_1054.pdb
-0.0760  0.9941 -0.0774 -0.3992  0.0408  0.9159  0.9137  0.1005  0.3938   17.066    0.750   41.572   39.450   37.972   35.407 00040_HEM_Voriconazole.pdb_1055.pdb
 0.9570 -0.2795  0.0777  0.2900  0.9137 -0.2846  0.0085  0.2949  0.9555   17.066    0.750   41.572    5.642    6.344   27.560 00040_HEM_Voriconazole.pdb_1056.pdb
-0.9966  0.0183  0.0805  0.0759  0.5878  0.8054 -0.0325  0.8088 -0.5872   17.066    0.750   41.572  -15.413    9.518   17.797 00040_HEM_Voriconazole.pdb_1057.pdb
-0.7575  0.5189  0.3961 -0.4200  0.0771 -0.9043 -0.4998 -0.8514  0.1595   17.066    0.750   41.572   26.377    0.275   13.614 00040_HEM_Voriconazole.pdb_1058.pdb
-0.3308  0.9392 -0.0925  0.9077  0.3434  0.2412  0.2583 -0.0042 -0.9661   17.066    0.750   41.572    8.108  -16.229   34.516 00040_HEM_Voriconazole.pdb_1059.pdb
-0.1448  0.9552  0.2582  0.6260 -0.1136  0.7715  0.7663  0.2733 -0.5815   17.066    0.750   41.572   18.953    1.718   29.317 00040_HEM_Voriconazole.pdb_105.pdb
-0.9847  0.1656 -0.0539 -0.1413 -0.5796  0.8026  0.1016  0.7979  0.5941   17.066    0.750   41.572    8.283  -15.059   35.219 00040_HEM_Voriconazole.pdb_1060.pdb
-0.7194  0.5595  0.4116  0.6921  0.6274  0.3568 -0.0586  0.5416 -0.8386   17.066    0.750   41.572   21.531   12.096   -4.861 00040_HEM_Voriconazole.pdb_1061.pdb
 0.3007 -0.9005 -0.3141  0.6632 -0.0393  0.7474 -0.6854 -0.4330  0.5854   17.066    0.750   41.572   42.960    0.506    3.567 00040_HEM_Voriconazole.pdb_1062.pdb
-0.3314  0.2318  0.9146 -0.9417 -0.1409 -0.3056  0.0580 -0.9625  0.2650   17.066    0.750   41.572   18.012    8.756   -2.935 00040_HEM_Voriconazole.pdb_1063.pdb
-0.8077  0.5848 -0.0752 -0.3276 -0.3390  0.8819  0.4903  0.7369  0.4654   17.066    0.750   41.572   26.136   47.299   16.742 00040_HEM_Voriconazole.pdb_1064.pdb
 0.3326  0.6226  0.7083  0.4029  0.5853 -0.7037 -0.8527  0.5194 -0.0561   17.066    0.750   41.572   22.462   11.594   28.975 00040_HEM_Voriconazole.pdb_1065.pdb
 0.9253 -0.1668 -0.3406  0.2286  0.9619  0.1498  0.3026 -0.2165  0.9282   17.066    0.750   41.572    7.470  -14.799   35.222 00040_HEM_Voriconazole.pdb_1066.pdb
 0.2386 -0.8800  0.4108 -0.9709 -0.2259  0.0801  0.0223 -0.4179 -0.9082   17.066    0.750   41.572   30.345   45.622   13.490 00040_HEM_Voriconazole.pdb_1067.pdb
-0.7245 -0.1997 -0.6597 -0.6606 -0.0717  0.7473 -0.1966  0.9772 -0.0800   17.066    0.750   41.572   31.336   24.993   29.072 00040_HEM_Voriconazole.pdb_1068.pdb
 0.8726 -0.4869  0.0380  0.0529  0.1717  0.9837 -0.4855 -0.8564  0.1756   17.066    0.750   41.572   44.919   33.805   41.368 00040_HEM_Voriconazole.pdb_1069.pdb
 0.8282  0.0636 -0.5568 -0.4108  0.7448 -0.5259  0.3812  0.6643  0.6430   17.066    0.750   41.572   20.933   11.623   16.613 00040_HEM_Voriconazole.pdb_106.pdb
 0.1303 -0.9867  0.0971 -0.2740 -0.1299 -0.9529  0.9529  0.0975 -0.2873   17.066    0.750   41.572   45.129   32.269   13.005 00040_HEM_Voriconazole.pdb_1070.pdb
 0.4182  0.7773 -0.4699 -0.5388 -0.2042 -0.8173 -0.7313  0.5950  0.3334   17.066    0.750   41.572   13.161    7.159   41.788 00040_HEM_Voriconazole.pdb_1071.pdb
-0.7184 -0.4837 -0.4999  0.2851  0.4508 -0.8459  0.6345 -0.7502 -0.1860   17.066    0.750   41.572   13.259    5.773    2.043 00040_HEM_Voriconazole.pdb_1072.pdb
-0.8964  0.4144  0.1576  0.4383  0.8817  0.1748 -0.0666  0.2258 -0.9719   17.066    0.750   41.572   11.773   -7.802   28.165 00040_HEM_Voriconazole.pdb_1073.pdb
-0.3043  0.3006 -0.9039  0.8765  0.4600 -0.1421  0.3731 -0.8355 -0.4034   17.066    0.750   41.572    4.453   -7.380   21.742 00040_HEM_Voriconazole.pdb_1074.pdb
-0.8096  0.2567 -0.5278 -0.1536  0.7753  0.6126  0.5665  0.5771 -0.5883   17.066    0.750   41.572   16.468   16.440   -6.809 00040_HEM_Voriconazole.pdb_1075.pdb
 0.0090  0.9285 -0.3712 -0.5053  0.3246  0.7996  0.8629  0.1804  0.4721   17.066    0.750   41.572   24.599   -1.671   19.873 00040_HEM_Voriconazole.pdb_1076.pdb
-0.5895  0.7231 -0.3600 -0.5905 -0.6899 -0.4188 -0.5512 -0.0343  0.8337   17.066    0.750   41.572   41.218    6.572   27.836 00040_HEM_Voriconazole.pdb_1077.pdb
-0.5051  0.1723  0.8457  0.8211  0.3979  0.4093 -0.2660  0.9011 -0.3424   17.066    0.750   41.572   14.413    4.486   30.576 00040_HEM_Voriconazole.pdb_1078.pdb
-0.7221 -0.1249  0.6804  0.4985 -0.7759  0.3866  0.4796  0.6183  0.6226   17.066    0.750   41.572   24.999   22.549    9.007 00040_HEM_Voriconazole.pdb_1079.pdb
-0.9112  0.1417 -0.3868 -0.1245  0.8004  0.5864  0.3927  0.5824 -0.7117   17.066    0.750   41.572    8.739    6.090   28.363 00040_HEM_Voriconazole.pdb_107.pdb
 0.1162 -0.9723 -0.2026  0.0742  0.2119 -0.9745  0.9904  0.0982  0.0968   17.066    0.750   41.572   16.830   25.153   16.017 00040_HEM_Voriconazole.pdb_1080.pdb
 0.8518  0.5179 -0.0792 -0.4122  0.5692 -0.7114 -0.3234  0.6386  0.6983   17.066    0.750   41.572   39.115   21.567   15.981 00040_HEM_Voriconazole.pdb_1081.pdb
-0.4258 -0.5920 -0.6843  0.7642  0.1697 -0.6223  0.4845 -0.7879  0.3801   17.066    0.750   41.572   42.832   -4.054   19.158 00040_HEM_Voriconazole.pdb_1082.pdb
 0.1700 -0.5019  0.8480 -0.8039 -0.5683 -0.1752  0.5699 -0.6520 -0.5001   17.066    0.750   41.572   46.467    4.329    7.948 00040_HEM_Voriconazole.pdb_1083.pdb
-0.0387  0.5483 -0.8354 -0.5532  0.6844  0.4749  0.8321  0.4805  0.2768   17.066    0.750   41.572   21.210   13.389   14.985 00040_HEM_Voriconazole.pdb_1084.pdb
-0.9173 -0.1101  0.3826  0.1414 -0.9885  0.0544  0.3722  0.1040  0.9223   17.066    0.750   41.572   25.010    9.629   35.405 00040_HEM_Voriconazole.pdb_1085.pdb
-0.1446 -0.3090 -0.9400  0.0376  0.9476 -0.3172  0.9888 -0.0812 -0.1254   17.066    0.750   41.572   32.103   43.003   37.191 00040_HEM_Voriconazole.pdb_1086.pdb
 0.1785 -0.3581 -0.9165 -0.5086  0.7638 -0.3975  0.8423  0.5371 -0.0458   17.066    0.750   41.572   -0.638   -1.397   12.489 00040_HEM_Voriconazole.pdb_1087.pdb
-0.6256  0.7608  0.1727 -0.7325 -0.6490  0.2055  0.2685  0.0020  0.9633   17.066    0.750   41.572    9.046   21.883   11.806 00040_HEM_Voriconazole.pdb_1088.pdb
-0.9031  0.4192  0.0932  0.0633 -0.0846  0.9944  0.4247  0.9040  0.0498   17.066    0.750   41.572   13.012    9.433   18.303 00040_HEM_Voriconazole.pdb_1089.pdb
 0.5185  0.6725 -0.5281  0.1157  0.5567  0.8226  0.8472 -0.4876  0.2108   17.066    0.750   41.572   41.420    3.799   30.686 00040_HEM_Voriconazole.pdb_108.pdb
-0.6842 -0.0372 -0.7283  0.4451  0.7698 -0.4574  0.5777 -0.6372 -0.5102   17.066    0.750   41.572    3.795    5.332   10.028 00040_HEM_Voriconazole.pdb_1090.pdb
-0.3955 -0.8616  0.3180 -0.3895 -0.1562 -0.9077  0.8318 -0.4829 -0.2739   17.066    0.750   41.572   29.423    6.117    7.758 00040_HEM_Voriconazole.pdb_1091.pdb
 0.0864  0.6615  0.7449 -0.8641 -0.3223  0.3865  0.4958 -0.6771  0.5438   17.066    0.750   41.572   11.144    5.895   17.565 00040_HEM_Voriconazole.pdb_1092.pdb
-0.1411  0.0437  0.9890 -0.9520  0.2680 -0.1477 -0.2715 -0.9624  0.0038   17.066    0.750   41.572   27.100    1.410   -3.589 00040_HEM_Voriconazole.pdb_1093.pdb
-0.0150  0.9975  0.0685 -0.8596 -0.0479  0.5086  0.5107 -0.0513  0.8582   17.066    0.750   41.572   45.229    3.780    3.610 00040_HEM_Voriconazole.pdb_1094.pdb
 0.1015 -0.3358  0.9365 -0.0247  0.9402  0.3398 -0.9945 -0.0576  0.0871   17.066    0.750   41.572  -35.805   10.291    9.336 00040_HEM_Voriconazole.pdb_1095.pdb
-0.9422  0.2945  0.1596 -0.3094 -0.5826 -0.7516 -0.1283 -0.7575  0.6401   17.066    0.750   41.572   41.420   27.422   29.855 00040_HEM_Voriconazole.pdb_1096.pdb
 0.2271  0.0398  0.9731 -0.7188  0.6810  0.1399 -0.6571 -0.7312  0.1833   17.066    0.750   41.572   12.102   -9.530   10.062 00040_HEM_Voriconazole.pdb_1097.pdb
-0.6485 -0.7611  0.0125  0.5593 -0.4875 -0.6705  0.5164 -0.4278  0.7418   17.066    0.750   41.572   43.710    1.582   24.280 00040_HEM_Voriconazole.pdb_1098.pdb
-0.1066  0.8350 -0.5398  0.4437  0.5258  0.7257  0.8898 -0.1621 -0.4265   17.066    0.750   41.572   52.837   22.419   27.228 00040_HEM_Voriconazole.pdb_1099.pdb
 0.0057  0.3060  0.9520 -0.7442 -0.6347  0.2084  0.6680 -0.7096  0.2241   17.066    0.750   41.572   51.555   19.689   13.736 00040_HEM_Voriconazole.pdb_109.pdb
 0.2278 -0.8772  0.4227 -0.5592 -0.4733 -0.6807  0.7971 -0.0813 -0.5983   17.066    0.750   41.572  -33.277  -21.583   15.051 00040_HEM_Voriconazole.pdb_10.pdb
 0.6319 -0.1609 -0.7581 -0.7083  0.2772 -0.6492  0.3146  0.9472  0.0612   17.066    0.750   41.572   19.329   19.264   14.095 00040_HEM_Voriconazole.pdb_1100.pdb
-0.4998 -0.0946 -0.8610 -0.1913  0.9815  0.0032  0.8448  0.1663 -0.5086   17.066    0.750   41.572   30.718    5.222   41.479 00040_HEM_Voriconazole.pdb_1101.pdb
-0.3359  0.8993  0.2799  0.2623 -0.1960  0.9449  0.9046  0.3908 -0.1701   17.066    0.750   41.572    7.416   19.765   15.854 00040_HEM_Voriconazole.pdb_1102.pdb
-0.3079  0.1557 -0.9386 -0.3865  0.8810  0.2729  0.8694  0.4468 -0.2111   17.066    0.750   41.572   38.467   17.103   13.822 00040_HEM_Voriconazole.pdb_1103.pdb
-0.5579 -0.6643 -0.4975 -0.6601 -0.0081  0.7511 -0.5029  0.7475 -0.4340   17.066    0.750   41.572    8.816   34.283   36.046 00040_HEM_Voriconazole.pdb_1104.pdb
-0.4604  0.7161  0.5246  0.6990  0.6567 -0.2830 -0.5472  0.2364 -0.8029   17.066    0.750   41.572   -0.084   -3.009   17.187 00040_HEM_Voriconazole.pdb_1105.pdb
 0.4773 -0.8509  0.2195  0.7504  0.2647 -0.6056  0.4572  0.4538  0.7649   17.066    0.750   41.572   42.541    8.212   23.552 00040_HEM_Voriconazole.pdb_1106.pdb
-0.4541  0.8348 -0.3112 -0.6527 -0.0740  0.7540  0.6065  0.5455  0.5785   17.066    0.750   41.572   30.294   32.348   32.375 00040_HEM_Voriconazole.pdb_1107.pdb
-0.3211  0.3345 -0.8860  0.9415  0.0118 -0.3367 -0.1022 -0.9423 -0.3187   17.066    0.750   41.572   19.423   14.622   49.638 00040_HEM_Voriconazole.pdb_1108.pdb
-0.1900 -0.1519 -0.9700 -0.9763 -0.0746  0.2030 -0.1032  0.9856 -0.1341   17.066    0.750   41.572   11.496  -18.280   27.462 00040_HEM_Voriconazole.pdb_1109.pdb
 0.3013 -0.9196  0.2521  0.6337  0.3907  0.6676 -0.7124 -0.0414  0.7005   17.066    0.750   41.572    9.787   -7.131   30.961 00040_HEM_Voriconazole.pdb_110.pdb
 0.6727  0.2580 -0.6935  0.7327 -0.3632  0.5756 -0.1034 -0.8953 -0.4333   17.066    0.750   41.572    1.892   15.647   15.381 00040_HEM_Voriconazole.pdb_1110.pdb
-0.2888  0.6807  0.6732  0.8689  0.4816 -0.1142 -0.4019  0.5520 -0.7306   17.066    0.750   41.572   43.696    9.849   24.089 00040_HEM_Voriconazole.pdb_1111.pdb
 0.0930  0.8917  0.4430 -0.6345  0.3960 -0.6638 -0.7673 -0.2194  0.6026   17.066    0.750   41.572    7.730   -6.376   24.564 00040_HEM_Voriconazole.pdb_1112.pdb
-0.1693 -0.8876  0.4285 -0.4185  0.4583  0.7841 -0.8923 -0.0465 -0.4490   17.066    0.750   41.572   44.422   35.393   20.052 00040_HEM_Voriconazole.pdb_1113.pdb
-0.5374 -0.1933  0.8209  0.8311 -0.2864  0.4766  0.1429  0.9384  0.3146   17.066    0.750   41.572   52.184   18.282   20.718 00040_HEM_Voriconazole.pdb_1114.pdb
-0.9499 -0.1923 -0.2464 -0.2613  0.0555  0.9637 -0.1716  0.9798 -0.1029   17.066    0.750   41.572   34.751   48.835   16.133 00040_HEM_Voriconazole.pdb_1115.pdb
-0.7630 -0.6460 -0.0217  0.5398 -0.6555  0.5281 -0.3554  0.3913  0.8489   17.066    0.750   41.572   19.476   -1.612    5.423 00040_HEM_Voriconazole.pdb_1116.pdb
 0.2514  0.8843  0.3934  0.3069 -0.4583  0.8341  0.9179 -0.0889 -0.3866   17.066    0.750   41.572   43.426   14.273   32.180 00040_HEM_Voriconazole.pdb_1117.pdb
 0.4367 -0.5362 -0.7224  0.2565  0.8438 -0.4713  0.8623  0.0205  0.5060   17.066    0.750   41.572    6.140    4.527   10.829 00040_HEM_Voriconazole.pdb_1118.pdb
 0.1043 -0.6073  0.7876  0.4545 -0.6753 -0.5808  0.8846  0.4186  0.2056   17.066    0.750   41.572  -10.529    3.306   11.402 00040_HEM_Voriconazole.pdb_1119.pdb
-0.5869 -0.6216  0.5189 -0.8082  0.4111 -0.4217  0.0488 -0.6668 -0.7436   17.066    0.750   41.572   11.656  -18.250   28.492 00040_HEM_Voriconazole.pdb_111.pdb
-0.5002  0.8653  0.0340 -0.4383 -0.2868  0.8519  0.7468  0.4112  0.5226   17.066    0.750   41.572   -2.585   -0.528   21.719 00040_HEM_Voriconazole.pdb_1120.pdb
 0.5390  0.8016 -0.2587  0.7944 -0.3816  0.4726  0.2801 -0.4602 -0.8425   17.066    0.750   41.572   18.591   41.062   18.344 00040_HEM_Voriconazole.pdb_1121.pdb
 0.4289  0.8995 -0.0832 -0.0357 -0.0751 -0.9965 -0.9026  0.4304 -0.0001   17.066    0.750   41.572   -6.339   -6.783   16.041 00040_HEM_Voriconazole.pdb_1122.pdb
 0.8250 -0.4767  0.3034  0.5296  0.8395 -0.1212 -0.1970  0.2607  0.9451   17.066    0.750   41.572   28.233   24.815    6.117 00040_HEM_Voriconazole.pdb_1123.pdb
-0.1177  0.9737 -0.1950  0.9684  0.1560  0.1945  0.2198 -0.1660 -0.9613   17.066    0.750   41.572  -18.905   -0.244    5.230 00040_HEM_Voriconazole.pdb_1124.pdb
 0.0297  0.5741  0.8182  0.5731  0.6609 -0.4845 -0.8189  0.4834 -0.3094   17.066    0.750   41.572    4.434   11.510   38.164 00040_HEM_Voriconazole.pdb_1125.pdb
-0.4821 -0.4158 -0.7712 -0.8749  0.1816  0.4490 -0.0466  0.8911 -0.4513   17.066    0.750   41.572   21.148   20.590   24.993 00040_HEM_Voriconazole.pdb_1126.pdb
-0.2897  0.3121  0.9048 -0.9490 -0.2163 -0.2293  0.1241 -0.9251  0.3588   17.066    0.750   41.572   26.193   24.946    3.050 00040_HEM_Voriconazole.pdb_1127.pdb
-0.8269  0.1542 -0.5407  0.2846  0.9442 -0.1659  0.4850 -0.2910 -0.8247   17.066    0.750   41.572   24.599   25.763   40.958 00040_HEM_Voriconazole.pdb_1128.pdb
-0.2963  0.4463  0.8444 -0.5111 -0.8210  0.2545  0.8069 -0.3561  0.4713   17.066    0.750   41.572   -4.615  -16.085   27.364 00040_HEM_Voriconazole.pdb_1129.pdb
 0.5307 -0.5643 -0.6323  0.4681 -0.4268  0.7738 -0.7066 -0.7066  0.0376   17.066    0.750   41.572    7.034    6.370   22.742 00040_HEM_Voriconazole.pdb_112.pdb
-0.1878 -0.8751  0.4460  0.8089 -0.3954 -0.4352  0.5572  0.2791  0.7821   17.066    0.750   41.572   41.485   39.488   21.627 00040_HEM_Voriconazole.pdb_1130.pdb
 0.3861 -0.6166  0.6861  0.9124  0.3649 -0.1855 -0.1360  0.6976  0.7035   17.066    0.750   41.572   -1.005   -4.216   19.077 00040_HEM_Voriconazole.pdb_1131.pdb
-0.9142  0.3908 -0.1072  0.1686  0.6074  0.7763  0.3686  0.6916 -0.6211   17.066    0.750   41.572   45.051   19.092   11.102 00040_HEM_Voriconazole.pdb_1132.pdb
 0.7051 -0.5845  0.4015 -0.7077 -0.5453  0.4491 -0.0436 -0.6008 -0.7982   17.066    0.750   41.572   19.873   36.017    5.038 00040_HEM_Voriconazole.pdb_1133.pdb
 0.0060  0.9845  0.1751 -0.6555  0.1361 -0.7428 -0.7552 -0.1103  0.6462   17.066    0.750   41.572   19.016   24.953   19.071 00040_HEM_Voriconazole.pdb_1134.pdb
-0.9254  0.2952  0.2376  0.3706  0.5737  0.7305  0.0793  0.7640 -0.6403   17.066    0.750   41.572   42.033   32.866    8.068 00040_HEM_Voriconazole.pdb_1135.pdb
 0.4830  0.7272  0.4877 -0.1913  0.6312 -0.7517 -0.8545  0.2698  0.4439   17.066    0.750   41.572   32.442    2.138   17.300 00040_HEM_Voriconazole.pdb_1136.pdb
 0.2274  0.4339 -0.8718 -0.6299 -0.6172 -0.4715 -0.7426  0.6564  0.1329   17.066    0.750   41.572   20.283   -3.707    4.540 00040_HEM_Voriconazole.pdb_1137.pdb
 0.0103  0.2435 -0.9698  0.3419 -0.9123 -0.2254 -0.9397 -0.3293 -0.0927   17.066    0.750   41.572   13.196   19.070   -5.751 00040_HEM_Voriconazole.pdb_1138.pdb
-0.0735 -0.3856  0.9197 -0.9027  0.4178  0.1030 -0.4240 -0.8227 -0.3788   17.066    0.750   41.572   22.734   12.500   -5.235 00040_HEM_Voriconazole.pdb_1139.pdb
 0.0069 -0.8323 -0.5543  0.5151  0.4781 -0.7114  0.8571 -0.2806  0.4320   17.066    0.750   41.572   -7.464    4.162   32.543 00040_HEM_Voriconazole.pdb_113.pdb
 0.3366  0.2951  0.8942 -0.9223 -0.0883  0.3763  0.1900 -0.9514  0.2424   17.066    0.750   41.572   14.184   17.255   38.072 00040_HEM_Voriconazole.pdb_1140.pdb
 0.5126 -0.5241  0.6801  0.6618 -0.2634 -0.7019  0.5470  0.8099  0.2118   17.066    0.750   41.572   30.895   18.266   24.202 00040_HEM_Voriconazole.pdb_1141.pdb
-0.6990 -0.7057 -0.1159  0.3177 -0.4516  0.8337 -0.6407  0.5459  0.5399   17.066    0.750   41.572   29.377    4.661    4.874 00040_HEM_Voriconazole.pdb_1142.pdb
-0.7722  0.5377 -0.3384  0.2742  0.7625  0.5860  0.5731  0.3597 -0.7363   17.066    0.750   41.572    0.541   -3.510   16.536 00040_HEM_Voriconazole.pdb_1143.pdb
 0.0964  0.9328 -0.3472 -0.1312  0.3577  0.9246  0.9867 -0.0435  0.1568   17.066    0.750   41.572   30.563   14.612   28.289 00040_HEM_Voriconazole.pdb_1144.pdb
 0.9739  0.1552  0.1659  0.0789 -0.9159  0.3936  0.2130 -0.3702 -0.9042   17.066    0.750   41.572   32.977   17.763   27.375 00040_HEM_Voriconazole.pdb_1145.pdb
 0.6547 -0.2332 -0.7191 -0.6499  0.3121 -0.6930  0.3860  0.9210  0.0527   17.066    0.750   41.572   21.931   12.425   -3.302 00040_HEM_Voriconazole.pdb_1146.pdb
-0.3418  0.9168  0.2066 -0.3863  0.0634 -0.9202 -0.8567 -0.3944  0.3325   17.066    0.750   41.572   12.100   -7.924    8.541 00040_HEM_Voriconazole.pdb_1147.pdb
 0.8759  0.3795 -0.2980 -0.1113  0.7598  0.6405  0.4695 -0.5279  0.7078   17.066    0.750   41.572   16.568  -17.955   16.119 00040_HEM_Voriconazole.pdb_1148.pdb
 0.1745 -0.2396 -0.9551  0.6053 -0.7390  0.2960 -0.7767 -0.6297  0.0161   17.066    0.750   41.572   12.280   -7.938    9.624 00040_HEM_Voriconazole.pdb_1149.pdb
-0.0919 -0.1171 -0.9889 -0.8469 -0.5131  0.1394 -0.5237  0.8503 -0.0520   17.066    0.750   41.572  -31.901   -3.030   12.964 00040_HEM_Voriconazole.pdb_114.pdb
 0.5218  0.7170  0.4622 -0.1132 -0.4788  0.8706  0.8455 -0.5066 -0.1687   17.066    0.750   41.572   47.618   28.088   12.165 00040_HEM_Voriconazole.pdb_1150.pdb
 0.6406 -0.6376 -0.4279  0.7385  0.3589  0.5708 -0.2104 -0.6817  0.7008   17.066    0.750   41.572   22.995   -0.502   18.823 00040_HEM_Voriconazole.pdb_1151.pdb
-0.0620 -0.4391 -0.8963 -0.9765  0.2123 -0.0364  0.2062  0.8730 -0.4419   17.066    0.750   41.572   14.401   -6.339   39.301 00040_HEM_Voriconazole.pdb_1152.pdb
-0.3843  0.8950  0.2265  0.5914  0.0503  0.8048  0.7089  0.4433 -0.5486   17.066    0.750   41.572   55.560   27.609   25.923 00040_HEM_Voriconazole.pdb_1153.pdb
-0.5765 -0.6348  0.5144  0.7704 -0.6321  0.0834  0.2722  0.4444  0.8535   17.066    0.750   41.572   50.368   21.493   -8.353 00040_HEM_Voriconazole.pdb_1154.pdb
 0.8504 -0.1667  0.4990  0.2047 -0.7689 -0.6057  0.4847  0.6173 -0.6197   17.066    0.750   41.572   -0.187    2.941   24.958 00040_HEM_Voriconazole.pdb_1155.pdb
-0.8933  0.1936  0.4056  0.2577  0.9600  0.1094 -0.3682  0.2022 -0.9075   17.066    0.750   41.572  -23.330  -28.746   11.459 00040_HEM_Voriconazole.pdb_1156.pdb
 0.3234 -0.9303  0.1731 -0.0669 -0.2049 -0.9765  0.9439  0.3042 -0.1285   17.066    0.750   41.572   10.784    7.451   43.178 00040_HEM_Voriconazole.pdb_1157.pdb
-0.6847 -0.6165 -0.3887  0.6035 -0.1806 -0.7766  0.4086 -0.7664  0.4957   17.066    0.750   41.572   29.497  -10.363   17.306 00040_HEM_Voriconazole.pdb_1158.pdb
-0.9659  0.2412  0.0937  0.2283  0.9648 -0.1307 -0.1220 -0.1049 -0.9870   17.066    0.750   41.572   41.184   20.907   42.269 00040_HEM_Voriconazole.pdb_1159.pdb
 0.3050  0.5460 -0.7803  0.9125  0.0668  0.4035  0.2725 -0.8351 -0.4779   17.066    0.750   41.572    6.814   11.987   17.696 00040_HEM_Voriconazole.pdb_115.pdb
-0.9059 -0.2896 -0.3091 -0.2264  0.9478 -0.2246  0.3580 -0.1335 -0.9241   17.066    0.750   41.572  -35.285  -25.015   10.892 00040_HEM_Voriconazole.pdb_1160.pdb
-0.0041 -0.9839  0.1785 -0.4882  0.1577  0.8583 -0.8727 -0.0836 -0.4810   17.066    0.750   41.572  -33.429   -2.311    4.665 00040_HEM_Voriconazole.pdb_1161.pdb
-0.1229  0.9853  0.1186 -0.6176  0.0176 -0.7863 -0.7768 -0.1698  0.6064   17.066    0.750   41.572   35.356   49.112   17.546 00040_HEM_Voriconazole.pdb_1162.pdb
-0.3710 -0.9151 -0.1579 -0.0373 -0.1552  0.9872 -0.9279  0.3721  0.0235   17.066    0.750   41.572   28.071   33.857   24.684 00040_HEM_Voriconazole.pdb_1163.pdb
 0.4309 -0.6775 -0.5961 -0.2960 -0.7301  0.6159 -0.8525 -0.0890 -0.5152   17.066    0.750   41.572   32.462   35.978   10.088 00040_HEM_Voriconazole.pdb_1164.pdb
-0.4512  0.7296 -0.5140 -0.5716  0.2060  0.7942  0.6854  0.6521  0.3241   17.066    0.750   41.572    7.358   14.197   -2.644 00040_HEM_Voriconazole.pdb_1165.pdb
 0.3468 -0.8666 -0.3587 -0.3707 -0.4780  0.7963 -0.8616 -0.1432 -0.4870   17.066    0.750   41.572   23.418   18.174   24.633 00040_HEM_Voriconazole.pdb_1166.pdb
-0.6818  0.5887  0.4343  0.4551 -0.1236  0.8818  0.5728  0.7988 -0.1836   17.066    0.750   41.572   13.554   30.399    5.353 00040_HEM_Voriconazole.pdb_1167.pdb
-0.4787  0.7325 -0.4841  0.8128  0.5781  0.0710  0.3319 -0.3595 -0.8721   17.066    0.750   41.572   31.894   25.842   34.278 00040_HEM_Voriconazole.pdb_1168.pdb
-0.7528  0.6065 -0.2559  0.4926  0.7769  0.3921  0.4366  0.1691 -0.8836   17.066    0.750   41.572  -34.534  -21.001   14.347 00040_HEM_Voriconazole.pdb_1169.pdb
-0.7182 -0.4017  0.5682  0.6886 -0.2934  0.6631 -0.0997  0.8675  0.4873   17.066    0.750   41.572   13.472   27.200    8.989 00040_HEM_Voriconazole.pdb_116.pdb
-0.4693  0.4176 -0.7781  0.2712 -0.7704 -0.5770 -0.8404 -0.4818  0.2483   17.066    0.750   41.572   -0.913  -10.242   35.384 00040_HEM_Voriconazole.pdb_1170.pdb
 0.1133 -0.3008  0.9469  0.5269 -0.7898 -0.3139  0.8424  0.5345  0.0690   17.066    0.750   41.572   23.808   12.929   38.196 00040_HEM_Voriconazole.pdb_1171.pdb
 0.3125  0.2683 -0.9112 -0.0438 -0.9542 -0.2960 -0.9489  0.1324 -0.2865   17.066    0.750   41.572   25.957   23.202    5.637 00040_HEM_Voriconazole.pdb_1172.pdb
-0.8191  0.1730 -0.5470  0.3979  0.8581 -0.3245  0.4132 -0.4835 -0.7717   17.066    0.750   41.572   51.584   19.722    7.939 00040_HEM_Voriconazole.pdb_1173.pdb
-0.3745 -0.4332 -0.8198  0.9188 -0.0546 -0.3908  0.1245 -0.8996  0.4185   17.066    0.750   41.572   31.620   -8.629   21.077 00040_HEM_Voriconazole.pdb_1174.pdb
 0.7295  0.5848  0.3546  0.6303 -0.7762 -0.0165  0.2656  0.2356 -0.9349   17.066    0.750   41.572   24.867   47.268   17.782 00040_HEM_Voriconazole.pdb_1175.pdb
-0.9266  0.3759 -0.0096 -0.3279 -0.8203 -0.4686 -0.1840 -0.4311  0.8834   17.066    0.750   41.572   37.378   26.987   -5.902 00040_HEM_Voriconazole.pdb_1176.pdb
 0.7933 -0.2383 -0.5602 -0.0310 -0.9349  0.3537 -0.6080 -0.2632 -0.7491   17.066    0.750   41.572   15.271   15.274   -5.694 00040_HEM_Voriconazole.pdb_1177.pdb
-0.1295  0.9915  0.0147  0.9837  0.1303 -0.1237 -0.1246 -0.0016 -0.9922   17.066    0.750   41.572   -8.921    7.893   15.230 00040_HEM_Voriconazole.pdb_1178.pdb
 0.0600  0.8568  0.5122 -0.7157 -0.3208  0.6204  0.6959 -0.4038  0.5939   17.066    0.750   41.572   19.730   31.834   34.058 00040_HEM_Voriconazole.pdb_1179.pdb
 0.1388 -0.9079  0.3955 -0.8671  0.0815  0.4914 -0.4784 -0.4112 -0.7760   17.066    0.750   41.572   29.690  -10.268   20.672 00040_HEM_Voriconazole.pdb_117.pdb
-0.8324 -0.1067 -0.5438  0.2093  0.8481 -0.4868  0.5131 -0.5190 -0.6836   17.066    0.750   41.572   56.516   31.052   30.950 00040_HEM_Voriconazole.pdb_1180.pdb
-0.3120 -0.9200  0.2371  0.8914 -0.1972  0.4080 -0.3286  0.3386  0.8817   17.066    0.750   41.572    7.048   22.044   30.354 00040_HEM_Voriconazole.pdb_1181.pdb
 0.2521  0.9066 -0.3385  0.2512 -0.3991 -0.8818 -0.9345  0.1373 -0.3283   17.066    0.750   41.572   13.403   30.614    4.436 00040_HEM_Voriconazole.pdb_1182.pdb
-0.3859 -0.8216 -0.4196 -0.8850  0.4581 -0.0831  0.2605  0.3393 -0.9039   17.066    0.750   41.572   33.907   13.485    7.838 00040_HEM_Voriconazole.pdb_1183.pdb
-0.4308  0.5996  0.6744  0.8218 -0.0482  0.5678  0.3730  0.7988 -0.4720   17.066    0.750   41.572   25.567    3.579   28.181 00040_HEM_Voriconazole.pdb_1184.pdb
-0.6289  0.2209 -0.7454 -0.7612 -0.3702  0.5325 -0.1583  0.9023  0.4009   17.066    0.750   41.572   35.951   23.037  -10.781 00040_HEM_Voriconazole.pdb_1185.pdb
 0.8340  0.5508  0.0338 -0.4020  0.6483 -0.6466 -0.3780  0.5256  0.7621   17.066    0.750   41.572   48.188   24.400    1.426 00040_HEM_Voriconazole.pdb_1186.pdb
 0.7112 -0.7011 -0.0525 -0.4067 -0.3494 -0.8441  0.5734  0.6216 -0.5336   17.066    0.750   41.572  -27.211   -1.874   15.136 00040_HEM_Voriconazole.pdb_1187.pdb
-0.9788  0.1974  0.0556 -0.0131  0.2103 -0.9776 -0.2046 -0.9575 -0.2032   17.066    0.750   41.572   26.736   31.594   -3.001 00040_HEM_Voriconazole.pdb_1188.pdb
 0.0531 -0.8593  0.5087  0.7457  0.3729  0.5521 -0.6642  0.3500  0.6606   17.066    0.750   41.572   33.503   -8.092   17.281 00040_HEM_Voriconazole.pdb_1189.pdb
 0.6486 -0.5298  0.5465 -0.7078 -0.6839  0.1769  0.2800 -0.5016 -0.8185   17.066    0.750   41.572   27.511   42.223   25.759 00040_HEM_Voriconazole.pdb_118.pdb
-0.1489  0.3805 -0.9127 -0.8969  0.3366  0.2867  0.4163  0.8613  0.2911   17.066    0.750   41.572   54.108   20.502   24.852 00040_HEM_Voriconazole.pdb_1190.pdb
 0.0658  0.9776 -0.1998 -0.4155 -0.1552 -0.8963 -0.9072  0.1419  0.3960   17.066    0.750   41.572    0.690   14.692   13.345 00040_HEM_Voriconazole.pdb_1191.pdb
-0.9819  0.1522  0.1130  0.1284  0.0953  0.9871  0.1395  0.9837 -0.1131   17.066    0.750   41.572   13.955   19.700   37.942 00040_HEM_Voriconazole.pdb_1192.pdb
 0.4304  0.4432 -0.7863  0.8811 -0.0173  0.4725  0.1958 -0.8962 -0.3980   17.066    0.750   41.572   43.249   13.129   34.629 00040_HEM_Voriconazole.pdb_1193.pdb
-0.4022  0.8503 -0.3395  0.3484 -0.2008 -0.9156 -0.8467 -0.4865 -0.2155   17.066    0.750   41.572   20.031   32.533    9.859 00040_HEM_Voriconazole.pdb_1194.pdb
-0.0862 -0.9344  0.3456  0.0284  0.3444  0.9384 -0.9959  0.0907 -0.0032   17.066    0.750   41.572   42.430    6.673   17.135 00040_HEM_Voriconazole.pdb_1195.pdb
-0.5391 -0.2719 -0.7971 -0.7954 -0.1468  0.5880 -0.2769  0.9511 -0.1372   17.066    0.750   41.572   53.281   23.904   24.157 00040_HEM_Voriconazole.pdb_1196.pdb
-0.8397  0.5083  0.1913  0.4626  0.8539 -0.2385 -0.2846 -0.1118 -0.9521   17.066    0.750   41.572    2.838    6.998   29.875 00040_HEM_Voriconazole.pdb_1197.pdb
-0.2450  0.9520 -0.1834 -0.5058  0.0358  0.8619  0.8271  0.3039  0.4728   17.066    0.750   41.572   29.207   15.211   47.409 00040_HEM_Voriconazole.pdb_1198.pdb
 0.6820  0.4862  0.5463  0.5467  0.1571 -0.8224 -0.4857  0.8596 -0.1587   17.066    0.750   41.572   13.120   -6.919   39.013 00040_HEM_Voriconazole.pdb_1199.pdb
-0.2564 -0.7107 -0.6551 -0.8973  0.4269 -0.1120  0.3593  0.5591 -0.7472   17.066    0.750   41.572   31.932   24.364   28.534 00040_HEM_Voriconazole.pdb_119.pdb
 0.9546  0.0722  0.2889  0.2634 -0.6572 -0.7061  0.1389  0.7502 -0.6464   17.066    0.750   41.572   15.923    1.509   41.307 00040_HEM_Voriconazole.pdb_11.pdb
 0.5087 -0.7408 -0.4387  0.3933 -0.2533  0.8838 -0.7658 -0.6222  0.1625   17.066    0.750   41.572    3.127   15.520   18.824 00040_HEM_Voriconazole.pdb_1200.pdb
-0.8300 -0.4120 -0.3759  0.2956  0.2464 -0.9230  0.4729 -0.8772 -0.0827   17.066    0.750   41.572   16.638   17.520   35.611 00040_HEM_Voriconazole.pdb_1201.pdb
 0.0352 -0.9982 -0.0488 -0.6729 -0.0598  0.7373 -0.7389  0.0068 -0.6738   17.066    0.750   41.572   30.715   20.344   16.384 00040_HEM_Voriconazole.pdb_1202.pdb
 0.5195 -0.4826 -0.7052 -0.8278 -0.4888 -0.2753 -0.2118  0.7268 -0.6534   17.066    0.750   41.572    9.302   15.336    6.089 00040_HEM_Voriconazole.pdb_1203.pdb
 0.7274  0.4587  0.5103 -0.6732  0.3330  0.6602  0.1329 -0.8238  0.5510   17.066    0.750   41.572  -21.584  -12.564    2.644 00040_HEM_Voriconazole.pdb_1204.pdb
 0.4088  0.9027  0.1342 -0.8312  0.3076  0.4632  0.3768 -0.3010  0.8760   17.066    0.750   41.572    8.516   32.912   28.566 00040_HEM_Voriconazole.pdb_1205.pdb
-0.8822 -0.4276  0.1973  0.4226 -0.5341  0.7322 -0.2077  0.7293  0.6519   17.066    0.750   41.572   41.299   25.206   25.214 00040_HEM_Voriconazole.pdb_1206.pdb
 0.2212 -0.9170  0.3318 -0.7230  0.0741  0.6868 -0.6544 -0.3919 -0.6466   17.066    0.750   41.572   13.326    1.312    6.423 00040_HEM_Voriconazole.pdb_1207.pdb
 0.9187 -0.3404  0.2003 -0.3807 -0.6286  0.6781 -0.1049 -0.6993 -0.7071   17.066    0.750   41.572   41.456    9.045   35.519 00040_HEM_Voriconazole.pdb_1208.pdb
 0.1673  0.4438 -0.8804  0.9800  0.0226  0.1976  0.1076 -0.8958 -0.4311   17.066    0.750   41.572   50.441   23.601   16.567 00040_HEM_Voriconazole.pdb_1209.pdb
 0.0331 -0.6465 -0.7622 -0.9901 -0.1253  0.0632 -0.1364  0.7525 -0.6443   17.066    0.750   41.572   44.265   48.833   24.394 00040_HEM_Voriconazole.pdb_120.pdb
-0.4954  0.1084  0.8619 -0.6049  0.6690 -0.4318 -0.6234 -0.7353 -0.2658   17.066    0.750   41.572  -12.730    4.543   10.167 00040_HEM_Voriconazole.pdb_1210.pdb
 0.9701 -0.1646  0.1785  0.1195 -0.3163 -0.9411  0.2114  0.9343 -0.2872   17.066    0.750   41.572   19.972   46.109   25.476 00040_HEM_Voriconazole.pdb_1211.pdb
-0.2711  0.9624 -0.0163  0.0627  0.0346  0.9974  0.9605  0.2694 -0.0697   17.066    0.750   41.572   42.315   29.276   22.240 00040_HEM_Voriconazole.pdb_1212.pdb
 0.7287 -0.6720 -0.1321  0.0746 -0.1139  0.9907 -0.6808 -0.7318 -0.0328   17.066    0.750   41.572   17.487    1.034   27.802 00040_HEM_Voriconazole.pdb_1213.pdb
 0.6994  0.6121  0.3690 -0.5600  0.7901 -0.2491 -0.4440 -0.0324  0.8954   17.066    0.750   41.572   43.661    8.907   27.335 00040_HEM_Voriconazole.pdb_1214.pdb
 0.0172  0.9137 -0.4061 -0.4745 -0.3501 -0.8077 -0.8801  0.2065  0.4275   17.066    0.750   41.572   21.618    3.585   24.809 00040_HEM_Voriconazole.pdb_1215.pdb
-0.7678 -0.1688 -0.6181 -0.5340 -0.3645  0.7629 -0.3540  0.9158  0.1897   17.066    0.750   41.572    5.430  -17.480   16.682 00040_HEM_Voriconazole.pdb_1216.pdb
 0.0050  0.4854  0.8743 -0.0971 -0.8699  0.4836  0.9953 -0.0873  0.0428   17.066    0.750   41.572   12.174   12.998   -1.189 00040_HEM_Voriconazole.pdb_1217.pdb
-0.5961  0.1386  0.7909 -0.7754  0.1563 -0.6118 -0.2084 -0.9779  0.0143   17.066    0.750   41.572   30.150   -8.099   21.800 00040_HEM_Voriconazole.pdb_1218.pdb
 0.2802  0.5010 -0.8188  0.7830  0.3742  0.4969  0.5554 -0.7804 -0.2874   17.066    0.750   41.572    1.163   -4.072   23.057 00040_HEM_Voriconazole.pdb_1219.pdb
-0.2961  0.1260 -0.9468  0.2535 -0.9454 -0.2051 -0.9209 -0.3007  0.2479   17.066    0.750   41.572   41.776    7.127   22.223 00040_HEM_Voriconazole.pdb_121.pdb
 0.6080  0.7311 -0.3096 -0.7855  0.4972 -0.3684 -0.1154  0.4672  0.8766   17.066    0.750   41.572   10.208   28.268    6.595 00040_HEM_Voriconazole.pdb_1220.pdb
 0.2684  0.7711 -0.5774 -0.9027  0.4106  0.1287  0.3364  0.4867  0.8062   17.066    0.750   41.572   -0.309   -6.228   20.803 00040_HEM_Voriconazole.pdb_1221.pdb
